1234 Juan Gómez 10101010 2.3 4.3 4.1 3.8 3.3 
2321 Jorge Muñoz 10101020 4.4 3.2 3.0 2.8 2.5 
2121 Manuel Beltrán 10101215 3.3 4.6 2.9 3.3 4.8 
4567 María Pérez 10101440 3.5 3.8 4.2 4.1 3.9 
5678 Carlos Ruiz 10101550 2.9 3.4 3.6 3.8 3.7 
6789 Laura Sánchez 10101660 4.0 4.2 3.8 3.9 4.1 
7890 Pedro Castillo 10101770 3.7 3.5 3.9 4.0 3.6 
8901 Sofía Ramírez 10101880 4.3 4.1 4.0 3.8 4.2 
9012 Diego Torres 10101990 3.6 3.7 3.8 4.1 3.9 
3123 Valeria Gómez 10102000 4.5 4.4 4.3 4.2 4.1 
1235 Andrés Vargas 10102110 3.8 3.9 4.0 3.7 3.6 
1236 Natalia Rojas 10102220 4.2 4.1 3.9 4.0 4.3 
1237 Luis Martínez 10102330 3.5 3.7 3.8 3.9 3.6 
1238 Camila Torres 10102440 4.0 4.3 4.1 4.2 4.4 
1239 Mateo Ramírez 10102550 3.6 3.8 3.7 3.9 3.5 
1240 Daniela López 10102660 4.3 4.2 4.4 4.1 4.0 
1241 Santiago Gómez 10102770 3.9 3.8 3.7 3.6 3.5 
1242 Valentina Ruiz 10102880 4.1 4.0 4.2 4.3 4.4 
1243 Sebastián Muñoz 10102990 3.7 3.6 3.8 3.9 3.5 
1244 Mariana Castillo 10103000 4.4 4.3 4.1 4.2 4.0 
1245 Alejandro Vargas 10103110 3.8 3.9 3.7 3.6 3.5 
1246 Gabriela Sánchez 10103220 4.2 4.1 4.3 4.4 4.0 
1247 Diego Fernández 10103330 3.5 3.7 3.8 3.9 3.6 
1248 Paula Jiménez 10103440 4.0 4.3 4.1 4.2 4.4 
1249 Andrés Morales 10103550 3.6 3.8 3.7 3.9 3.5 
1250 Sofía Herrera 10103660 4.3 4.2 4.4 4.1 4.0